48 48 49 101 35
001e#            service=git-upload-pack
0000 0155f0436a4d324b5316a891dbef35038efda8d1be5d HEADmulti_ack thin-pack side-band side-band-64k ofs-delta shallow deepen-since deepen-not deepen-relative no-progress include-tag multi_ack_detailed allow-tip-sha1-in-want allow-reachable-sha1-in-want no-done symref=HEAD:refs/heads/master filter object-format=sha1 agent=git/github-254539cbab51
003c eae107a8e39d14d83bfbcd033954c0f598ea69e3 refs/heads/dev
003f f0436a4d324b5316a891dbef35038efda8d1be5d refs/heads/master
0045 e4cff612b0ba8f9413fc79a675884db8517649a8 refs/heads/next-version
003e 73d3da7399f697afae5fd649684d9fb160c24301 refs/pull/1/head
003e d09bf87dd3ea4c4cdee9ced940ee2ec715d61a34 refs/pull/2/head
003e eae107a8e39d14d83bfbcd033954c0f598ea69e3 refs/pull/3/head
003e 1b8f9356ef97921a993c7af127913fdb255f2a5f refs/pull/4/head
003e e4cff612b0ba8f9413fc79a675884db8517649a8 refs/pull/5/head
0000

[48 48 49 101 35 32 115 101 114 118 105 99 101 61 103 105 116 45 117 112 108 111 97 100 45 112 97 99 107 10 48 48 48 48 48 49 53 53 102 48 52 51 54 97 52 100 51 50 52 98 53 51 49 54 97 56 57 49 100 98 101 102 51 53 48 51 56 101 102 100 97 56 100 49 98 101 53 100 32 72 69 65 68 0 109 117 108 116 105 95 97 99 107 32 116 104 105 110 45 112 97 99 107 32 115 105 100 101 45 98 97 110 100 32 115 105 100 101 45 98 97 110 100 45 54 52 107 32 111 102 115 45 100 101 108 116 97 32 115 104 97 108 108 111 119 32 100 101 101 112 101 110 45 115 105 110 99 101 32 100 101 101 112 101 110 45 110 111 116 32 100 101 101 112 101 110 45 114 101 108 97 116 105 118 101 32 110 111 45 112 114 111 103 114 101 115 115 32 105 110 99 108 117 100 101 45 116 97 103 32 109 117 108 116 105 95 97 99 107 95 100 101 116 97 105 108 101 100 32 97 108 108 111 119 45 116 105 112 45 115 104 97 49 45 105 110 45 119 97 110 116 32 97 108 108 111 119 45 114 101 97 99 104 97 98 108 101 45 115 104 97 49 45 105 110 45 119 97 110 116 32 110 111 45 100 111 110 101 32 115 121 109 114 101 102 61 72 69 65 68 58 114 101 102 115 47 104 101 97 100 115 47 109 97 115 116 101 114 32 102 105 108 116 101 114 32 111 98 106 101 99 116 45 102 111 114 109 97 116 61 115 104 97 49 32 97 103 101 110 116 61 103 105 116 47 103 105 116 104 117 98 45 50 53 52 53 51 57 99 98 97 98 53 49 10 48 
48 51 99 101 97 101 49 48 55 97 56 101 51 57 100 49 52 100 56 51 98 102 98 99 100 48 51 51 57 53 52 99 48 102 53 57 56 101 97 54 57 101 51 32 114 101 102 115 47 104 101 97 100 115 47 100 101 118 10 48 48 51 102 102 48 52 51 54 97 52 100 51 50 52 98 53 51 49 54 97 56 57 49 100 98 101 102 51 53 48 51 56 101 102 100 97 56 100 49 98 101 53 100 32 114 101 102 115 47 104 101 97 100 115 47 109 97 115 116 101 114 10 48 48 52 53 101 52 99 102 102 54 49 50 98 48 98 97 56 102 57 52 49 51 102 99 55 57 97 54 55 53 56 56 52 100 98 56 53 49 55 54 52 57 97 56 32 114 101 102 115 47 104 101 97 100 115 47 110 101 120 116 45 118 101 114 115 105 111 110 10 48 48 51 101 55 51 100 51 100 97 55 51 57 57 102 54 57 55 97 102 97 101 53 102 100 54 52 57 54 56 52 
100 57 102 98 49 54 48 99 50 52 51 48 49 32 114 101 102 115 47 112 117 108 108 47 49 47 104 101 97 100 10 48 48 51 101 100 48 57 98 102 56 55 100 100 51 101 97 52 99 52 99 100 101 101 57 99 101 100 57 52 48 101 101 50 101 99 55 49 53 100 54 49 97 51 52 32 114 101 102 115 47 112 117 108 108 47 50 47 104 101 97 100 10 48 48 51 101 101 97 101 49 48 55 97 56 101 51 57 100 49 52 100 56 51 98 102 98 99 100 48 51 51 57 53 52 99 48 102 53 57 56 101 97 54 57 101 51 32 114 101 102 115 47 112 117 108 108 47 51 47 104 101 97 100 10 48 48 51 101 49 98 56 102 57 51 53 54 101 102 57 55 57 50 49 97 57 57 
51 99 55 97 102 49 50 55 57 49 51 102 100 98 50 53 53 102 50 97 53 102 32 114 101 102 115 47 112 117 108 108 47 52 47 104 101 97 100 10 48 48 51 101 
101 52 99 102 102 54 49 50 98 48 98 97 56 102 57 52 49 51 102 99 55 57 97 54 55 53 56 56 52 100 98 56 53 49 55 54 52 57 97 56 32 114 101 102 115 47 112 117 108 108 47 53 47 104 101 97 100 10 48 48 48 48]